235 31 1793.87
236 31 1807.67
237 31 1821.75
238 31 1836.4
239 31 1851.88
240 31 1868.35
241 31 1885.84
242 31 1904.98
243 31 1924.35
244 31 1942.78
245 31 1961.39
246 31 1981.06
247 31 2001.55
248 31 2022.44
249 31 2043.46
250 31 2065.08
251 31 2086.18
252 31 2107.85
253 31 2131.24
254 31 2151.73
255 31 2170.44
256 31 2187.99
257 31 2205.23
258 31 2223.43
259 31 2241.76
260 31 2255.61
235 32 1772.31
236 32 1786.94
237 32 1801.8
238 32 1817.13
239 32 1833.2
240 32 1850.26
241 32 1868.53
242 32 1887.3
243 32 1904.87
244 32 1925.18
245 32 1945.78
246 32 1966.17
247 32 1986.72
248 32 2007.79
249 32 2029.08
250 32 2050.34
251 32 2070.75
252 32 2092.52
253 32 2114.88
254 32 2134.13
255 32 2152.07
256 32 2168.42
257 32 2185.41
258 32 2203.27
259 32 2218.36
260 32 2232.15
235 33 1751.07
236 33 1766.51
237 33 1782.12
238 33 1798.14
239 33 1814.77
240 33 1832.23
241 33 1850.91
242 33 1870.16
243 33 1890.42
244 33 1909.47
245 33 1930.28
246 33 1951.25
247 33 1971.75
248 33 1993.24
249 33 2014.91
250 33 2036.08
251 33 2056.72
252 33 2078.16
253 33 2097.77
254 33 2115.5
255 33 2132.55
256 33 2147.79
257 33 2163.56
258 33 2180.09
259 33 2194.75
260 33 2208.74
235 34 1730.47
236 34 1746.68
237 34 1763.06
238 34 1779.79
239 34 1796.96
240 34 1814.71
241 34 1833.91
242 34 1853.53
243 34 1873.48
244 34 1894.24
245 34 1915.33
246 34 1936.58
247 34 1957.65
248 34 1978.84
249 34 2000.42
250 34 2021.72
251 34 2042.24
252 34 2061.55
253 34 2078.58
254 34 2094.44
255 34 2110.58
256 34 2126.06
257 34 2141.58
258 34 2158.78
259 34 2173.59
260 34 2187.36
235 35 1710.78
236 35 1727.72
237 35 1744.85
238 35 1762.36
239 35 1780.35
240 35 1798.83
241 35 1818.79
242 35 1838.69
243 35 1860.37
244 35 1881.05
245 35 1901.92
246 35 1923.14
247 35 1943.69
248 35 1964.18
249 35 1985.15
250 35 2006.03
251 35 2024.18
252 35 2040.28
253 35 2055.52
254 35 2071.23
255 35 2088.48
256 35 2105.27
257 35 2123.29
258 35 2138.71
259 35 2152.3
260 35 2165.55
235 36 1692.27
236 36 1709.84
237 36 1727.66
238 36 1745.92
239 36 1764.76
240 36 1784.25
241 36 1803.78
242 36 1824.2
243 36 1846.84
244 36 1867.39
245 36 1887.92
246 36 1908.34
247 36 1928.33
248 36 1948.1
249 36 1967.74
250 36 1986.41
251 36 2002.55
252 36 2016.91
253 36 2032.25
254 36 2049.41
255 36 2067.75
256 36 2086.72
257 36 2103.23
258 36 2116.59
259 36 2129.17
260 36 2142.04
235 37 1675.11
236 37 1693.2
237 37 1711.56
238 37 1730.54
239 37 1750.06
240 37 1770.31
241 37 1791.2
242 37 1812.43
243 37 1833.24
244 37 1853.27
245 37 1873.01
246 37 1892.54
247 37 1911.75
248 37 1930.56
249 37 1948.71
250 37 1965.6
251 37 1980.9
252 37 1995.45
253 37 2011.55
254 37 2029.97
255 37 2049.14
256 37 2067.26
257 37 2081.79
258 37 2094.3
259 37 2106.51
260 37 2119
235 38 1659.45
236 38 1677.99
237 38 1696.62
238 38 1716.38
239 38 1736.51
240 38 1757.12
241 38 1778.25
242 38 1798.71
243 38 1818.63
244 38 1838.16
245 38 1857.18
246 38 1875.81
247 38 1894.19
248 38 1912.19
249 38 1929.24
250 38 1944.91
251 38 1959.5
252 38 1975.04
253 38 1993.07
254 38 2012.13
255 38 2030.2
256 38 2045.84
257 38 2059.22
258 38 2071.94
259 38 2084.45
260 38 2096.94
235 39 1645.1
236 39 1664.08
237 39 1683.28
238 39 1703.16
239 39 1723.57
240 39 1744.49
241 39 1764.4
242 39 1783.75
243 39 1802.95
244 39 1821.85
245 39 1840.23
246 39 1858.16
247 39 1875.96
248 39 1893.56
249 39 1909.79
250 39 1924.47
251 39 1939.07
252 39 1956.07
253 39 1975.67
254 39 1994.29
255 39 2009.68
256 39 2023.86
257 39 2036.61
258 39 2049.54
259 39 2062.41
260 39 2075.2
235 40 1631.29
236 40 1650.74
237 40 1670.72
238 40 1690.22
239 40 1709.75
240 40 1729.95
241 40 1749.16
242 40 1767.82
243 40 1786.36
244 40 1804.6
245 40 1822.45
246 40 1839.87
247 40 1856.92
248 40 1873.62
249 40 1889.29
250 40 1903.97
251 40 1919.81
252 40 1938.48
253 40 1957.84
254 40 1974.69
255 40 1988.76
256 40 2002.02
257 40 2014.51
258 40 2027.46
259 40 2040.66
260 40 2053.86
235 41 1617.32
236 41 1636.83
237 41 1656.81
238 41 1675.9
239 41 1694.59
240 41 1713.76
241 41 1732.62
242 41 1751.01
243 41 1769.08
244 41 1786.84
245 41 1804.28
246 41 1821.38
247 41 1838.02
248 41 1853.99
249 41 1869.77
250 41 1885.28
251 41 1903.58
252 41 1922.36
253 41 1939.43
254 41 1954.36
255 41 1967.78
256 41 1980.13
257 41 1992.67
258 41 2005.85
259 41 2019.41
260 41 2033.09
235 42 1602.97
236 42 1621.58
237 42 1640.25
238 42 1659.44
239 42 1678.42
240 42 1697.21
241 42 1715.68
242 42 1733.72
243 42 1751.37
244 42 1768.71
245 42 1785.84
246 42 1802.97
247 42 1819.69
248 42 1835.25
249 42 1851.04
250 42 1868.07
251 42 1887.03
252 42 1903.26
253 42 1918.61
254 42 1932.67
255 42 1945.61
256 42 1958.09
257 42 1971.04
258 42 1984.72
259 42 1998.83
260 42 2013.03
235 43 1588.57
236 43 1606.3
237 43 1624.1
238 43 1643.1
239 43 1662.05
240 43 1680.56
241 43 1698.64
242 43 1716.28
243 43 1733.52
244 43 1750.44
245 43 1767.28
246 43 1784.22
247 43 1800.94
248 43 1816.74
249 43 1834.23
250 43 1852.99
251 43 1869.02
252 43 1883.65
253 43 1897.73
254 43 1910.97
255 43 1923.67
256 43 1936.51
257 43 1950.05
258 43 1964.38
259 43 1979.03
260 43 1993.75
235 44 1574.67
236 44 1592.09
237 44 1609.69
238 44 1627.83
239 44 1646.12
240 44 1664.15
241 44 1681.78
242 44 1699.07
243 44 1715.91
244 44 1732.4
245 44 1748.77
246 44 1764.78
247 44 1781.86
248 44 1799.96
249 44 1819.19
250 44 1835.94
251 44 1849.9
252 44 1863.59
253 44 1876.97
254 44 1889.76
255 44 1902.37
256 44 1915.72
257 44 1930.05
258 44 1944.88
259 44 1959.98
260 44 1975.17
235 45 1561.25
236 45 1578.41
237 45 1595.63
238 45 1613.07
239 45 1630.66
240 45 1648.12
241 45 1665.3
242 45 1682.22
243 45 1698.71
244 45 1714.93
245 45 1731.14
246 45 1747.03
247 45 1765.18
248 45 1783.99
249 45 1801.33
250 45 1816.32
251 45 1829.84
252 45 1843.09
253 45 1856.47
254 45 1869.57
255 45 1883.11
256 45 1896.75
257 45 1910.93
258 45 1925.98
259 45 1941.47
260 45 1957.11
235 46 1547.82
236 46 1564.73
237 46 1581.53
238 46 1598.41
239 46 1615.45
240 46 1632.49
241 46 1649.26
242 46 1665.76
243 46 1681.96
244 46 1697.93
245 46 1714.62
246 46 1731.99
247 46 1750.64
248 46 1767.7
249 46 1782.69
250 46 1796.34
251 46 1809.89
252 46 1823.29
253 46 1836.48
254 46 1849.83
255 46 1863.25
256 46 1877.12
257 46 1891.81
258 46 1907.26
259 46 1923.2
260 46 1939.35
235 47 1533.77
236 47 1550.71
237 47 1567.14
238 47 1583.59
239 47 1600.31
240 47 1617.1
241 47 1633.75
242 47 1650.18
243 47 1666.34
244 47 1682.39
245 47 1699.53
246 47 1717.52
247 47 1735.13
248 47 1750.1
249 47 1764.01
250 47 1777.42
251 47 1790.8
252 47 1803.91
253 47 1816.96
254 47 1830.08
255 47 1843.82
256 47 1857.39
257 47 1872.36
258 47 1888.41
259 47 1904.97
260 47 1921.71
235 48 1518.75
236 48 1535.63
237 48 1552.09
238 48 1568.52
239 48 1585.19
240 48 1601.99
241 48 1618.81
242 48 1635.48
243 48 1652.05
244 48 1669.2
245 48 1686.62
246 48 1703.21
247 48 1717.89
248 48 1731.66
249 48 1745.35
250 48 1758.28
251 48 1771.95
252 48 1784.08
253 48 1796.7
254 48 1809.73
255 48 1823.35
256 48 1836.59
257 48 1852.64
258 48 1869.56
259 48 1886.77
260 48 1904.11
235 49 1503.09
236 49 1519.91
237 49 1536.6
238 49 1553.3
239 49 1570.14
240 49 1587.16
241 49 1604.32
242 49 1621.53
243 49 1638.81
244 49 1656.21
245 49 1672.06
246 49 1686.51
247 49 1700.32
248 49 1713.37
249 49 1726.09
250 49 1738.57
251 49 1751.31
252 49 1763.56
253 49 1776
254 49 1789.6
255 49 1803.53
256 49 1817.1
257 49 1833.51
258 49 1850.95
259 49 1868.68
260 49 1886.53
235 50 1487.27
236 50 1504.2
237 50 1521.1
238 50 1538.05
239 50 1555.13
240 50 1572.45
241 50 1590.01
242 50 1607.73
243 50 1625.34
244 50 1642.13
245 50 1657.04
246 50 1670.4
247 50 1683.11
248 50 1695.26
249 50 1707.08
250 50 1718.88
251 50 1730.82
252 50 1743.07
253 50 1755.82
254 50 1769.5
255 50 1783.89
256 50 1798.78
257 50 1815.04
258 50 1832.54
259 50 1850.65
260 50 1868.94
