289 0.0561658 0.0416002 0.0368601 0.0394529 stre_289_AE.U15A_2014-09-17T06:14:46.220000Z.out.back
182 0.0503552 0.0369816 0.0495955 0.0451376 stre_182_AE.U15A_2014-09-06T06:53:11.910000Z.out.back
235 0.0572691 0.0361651 0.0494287 0.0328024 stre_235_AE.U15A_2014-09-04T05:33:49.040000Z.out.back
182 0.0471525 0.0358253 0.0474286 0.032987 stre_182_AE.U15A_2014-09-03T20:34:00.110000Z.out.back
240 0.0532964 0.061863 0.0598986 0.0613009 stre_240_AE.U15A_2014-09-03T11:34:39.910000Z.out.back
240 0.0638808 0.04485 0.0478843 0.0420856 stre_240_AE.U15A_2014-09-03T07:43:30.790000Z.out.back
311 0.0635314 0.0492951 0.0523425 0.0400452 stre_311_AE.U15A_2014-08-10T03:43:19.050000Z.out.back
311 0.0615717 0.0467504 0.0509357 0.0383145 stre_311_AE.U15A_2014-08-10T03:43:18.150000Z.out.back
46 0.100588 0.094284 0.106182 0.130738 stre_46_AE.U15A_2014-08-01T04:11:17.650000Z.out.back
311 0.0380851 0.0246874 0.0268523 0.018925 stre_311_AE.U15A_2014-07-20T18:32:47.790000Z.out.back
240 0.0558107 0.0348765 0.0330033 0.0226464 stre_240_AE.U15A_2014-07-19T12:27:16.000000Z.out.back
240 0.0591655 0.035394 0.0368593 0.0239993 stre_240_AE.U15A_2014-07-19T12:27:10.040000Z.out.back
182 0.0610857 0.0509306 0.0570565 0.0616326 stre_182_AE.U15A_2014-07-14T05:44:16.000000Z.out.back
308 0.0540523 0.0386428 0.040377 0.0280491 stre_308_AE.U15A_2014-07-11T19:22:05.800000Z.out.back
231 0.0700509 0.0452797 0.0520763 0.0342345 stre_231_AE.U15A_2014-07-03T19:50:10.300000Z.out.back
231 0.0718009 0.0462193 0.0537204 0.0352957 stre_231_AE.U15A_2014-07-03T19:50:07.290000Z.out.back
317 0.0458182 0.0386365 0.0392443 0.0351384 stre_317_AE.U15A_2014-07-03T12:05:21.950000Z.out.back
317 0.0444117 0.0400444 0.0438877 0.0411018 stre_317_AE.U15A_2014-07-03T12:05:19.590000Z.out.back
317 0.051819 0.0429263 0.0448479 0.0331866 stre_317_AE.U15A_2014-07-03T02:56:41.300000Z.out.back
317 0.0502716 0.0404683 0.0435341 0.0304485 stre_317_AE.U15A_2014-07-03T02:56:38.310000Z.out.back
241 0.0775702 0.0567977 0.059166 0.0515305 stre_241_AE.U15A_2014-06-29T15:52:27.450000Z.out.back
298 0.0457123 0.0344632 0.0373786 0.0329336 stre_298_AE.U15A_2014-06-29T05:56:32.860000Z.out.back
311 0.0469102 0.0499632 0.0377188 0.0435681 stre_311_AE.U15A_2014-06-24T03:15:38.920000Z.out.back
310 0.0324733 0.0346347 0.0296432 0.0333134 stre_310_AE.U15A_2014-06-23T20:53:09.930000Z.out.back
137 0.0526992 0.0397305 0.0470002 0.0356902 stre_137_AE.U15A_2014-06-19T19:54:05.430000Z.out.back
334 0.0667436 0.0513968 0.0673505 0.0478746 stre_334_AE.U15A_2014-06-16T12:01:08.720000Z.out.back
98 0.0663881 0.0758952 0.0699796 0.0875468 stre_98_AE.U15A_2014-05-16T11:01:43.060000Z.out.back
129 0.051026 0.0423585 0.0484549 0.0273015 stre_129_AE.U15A_2014-05-13T06:35:24.530000Z.out.back
181 0.0745856 0.0609949 0.0766671 0.0432578 stre_181_AE.U15A_2014-05-12T18:38:36.830000Z.out.back
325 0.0349626 0.036383 0.0320787 0.0321293 stre_325_AE.U15A_2014-05-10T14:16:08.740000Z.out.back
308 0.0517274 0.0485579 0.0451109 0.0454323 stre_308_AE.U15A_2014-05-02T09:15:20.210000Z.out.back
236 0.0631677 0.0386028 0.0460703 0.0320605 stre_236_AE.U15A_2014-04-26T06:02:20.200000Z.out.back
266 0.086325 0.0705952 0.0718897 0.073072 stre_266_AE.U15A_2014-04-19T01:04:04.680000Z.out.back
334 0.0706601 0.062527 0.0658631 0.0567051 stre_334_AE.U15A_2014-04-18T18:56:47.540000Z.out.back
258 0.0707122 0.0505561 0.0495387 0.0491898 stre_258_AE.U15A_2014-04-13T12:36:19.050000Z.out.back
258 0.0855423 0.0590353 0.0550853 0.0516619 stre_258_AE.U15A_2014-04-12T20:14:38.580000Z.out.back
129 0.0521797 0.0365609 0.0485616 0.0258846 stre_129_AE.U15A_2014-04-11T20:29:13.610000Z.out.back
266 0.0749065 0.0532908 0.0545141 0.0506027 stre_266_AE.U15A_2014-04-11T07:07:22.810000Z.out.back
138 0.0542244 0.0393639 0.047031 0.0335015 stre_138_AE.U15A_2014-04-07T13:43:21.110000Z.out.back
138 0.0576442 0.0367687 0.0489341 0.0288095 stre_138_AE.U15A_2014-04-04T01:37:51.480000Z.out.back
138 0.0606565 0.0481455 0.0594409 0.0499053 stre_138_AE.U15A_2014-04-03T05:26:13.640000Z.out.back
236 0.071263 0.0621552 0.0532842 0.0523815 stre_236_AE.U15A_2012-09-24T10:31:22.860000Z.out.back
244 0.090812 0.0921524 0.074727 0.07854 stre_244_AE.U15A_2012-09-13T01:55:01.700000Z.out.back
313 0.0512969 0.042749 0.0487409 0.0393748 stre_313_AE.U15A_2012-09-09T05:39:39.410000Z.out.back
130 0.0511768 0.0416787 0.0470708 0.0296671 stre_130_AE.U15A_2012-09-05T14:42:07.730000Z.out.back
21 0.0732791 0.0789585 0.0659311 0.0749364 stre_21_AE.U15A_2012-08-30T13:43:25.300000Z.out.back
132 0.0775855 0.0765158 0.0848577 0.0790239 stre_132_AE.U15A_2012-08-27T05:38:05.740000Z.out.back
312 0.0561028 0.0420875 0.0509603 0.0355802 stre_312_AE.U15A_2012-08-25T14:16:16.750000Z.out.back
233 0.0615833 0.0554207 0.0579731 0.0495126 stre_233_AE.U15A_2012-08-24T04:43:50.700000Z.out.back
239 0.0847411 0.0696978 0.07071 0.0623026 stre_239_AE.U15A_2012-08-18T17:45:03.570000Z.out.back
317 0.0596801 0.0473514 0.0524232 0.037281 stre_317_AE.U15A_2012-08-14T02:59:38.860000Z.out.back
310 0.0389971 0.0400908 0.0331538 0.0375952 stre_310_AE.U15A_2012-08-10T18:37:42.870000Z.out.back
244 0.0799358 0.0594557 0.0648489 0.0567668 stre_244_AE.U15A_2012-08-08T10:57:46.130000Z.out.back
311 0.0818572 0.0647895 0.073272 0.0583998 stre_311_AE.U15A_2012-07-11T02:31:19.030000Z.out.back
311 0.0450472 0.0327059 0.0372327 0.0293721 stre_311_AE.U15A_2012-07-08T11:33:05.290000Z.out.back
252 0.0485473 0.0570553 0.0525158 0.0518516 stre_252_AE.U15A_2012-07-06T02:28:22.550000Z.out.back
138 0.0548312 0.0334053 0.0528586 0.0343021 stre_138_AE.U15A_2012-07-02T23:31:37.670000Z.out.back
320 0.0479146 0.0347782 0.0422586 0.0256527 stre_320_AE.U15A_2012-06-24T03:15:01.980000Z.out.back
313 0.0468682 0.0443062 0.0400595 0.0388731 stre_313_AE.U15A_2012-06-19T15:56:33.590000Z.out.back
310 0.0481428 0.0356001 0.0432407 0.0325649 stre_310_AE.U15A_2012-06-17T20:32:21.010000Z.out.back
131 0.0477717 0.0379356 0.0480625 0.032117 stre_131_AE.U15A_2012-06-04T03:15:24.590000Z.out.back
131 0.043318 0.0373289 0.0361862 0.0271335 stre_131_AE.U15A_2012-06-04T00:45:16.380000Z.out.back
133 0.070268 0.0561143 0.0650544 0.0519227 stre_133_AE.U15A_2012-06-02T07:52:54.600000Z.out.back
315 0.0561143 0.0575587 0.0537085 0.0589076 stre_315_AE.U15A_2012-05-29T02:40:54.350000Z.out.back
137 0.0641103 0.0573007 0.0514941 0.0480171 stre_137_AE.U15A_2012-05-28T05:07:23.520000Z.out.back
16 0.0883953 0.0897411 0.0867704 0.061992 stre_16_AE.U15A_2012-05-24T22:47:46.470000Z.out.back
312 0.0515843 0.0435596 0.0516913 0.045381 stre_312_AE.U15A_2012-05-23T15:02:27.110000Z.out.back
309 0.0389768 0.0286078 0.0267036 0.019506 stre_309_AE.U15A_2012-05-20T07:20:37.080000Z.out.back
141 0.0629307 0.0465569 0.0461077 0.0425903 stre_141_AE.U15A_2012-05-19T08:35:09.590000Z.out.back
135 0.0539266 0.0406844 0.0527127 0.0379948 stre_135_AE.U15A_2012-05-14T10:00:39.800000Z.out.back
236 0.0663046 0.0558181 0.046458 0.0473623 stre_236_AE.U15A_2012-05-05T20:23:33.920000Z.out.back
238 0.0603726 0.0395915 0.04227 0.0352665 stre_238_AE.U15A_2012-04-28T10:08:07.220000Z.out.back
145 0.0502449 0.0320747 0.0431861 0.0368559 stre_145_AE.U15A_2012-04-17T03:50:15.280000Z.out.back
147 0.0513635 0.0409059 0.0384306 0.035266 stre_147_AE.U15A_2012-03-25T22:37:06.560000Z.out.back
310 0.0492211 0.0396915 0.0379282 0.0345087 stre_310_AE.U15A_2012-03-14T09:08:36.230000Z.out.back
247 0.07706 0.064257 0.0687132 0.0571482 stre_247_AE.U15A_2012-03-09T07:09:53.320000Z.out.back
250 0.0710114 0.0493916 0.0462581 0.0405531 stre_250_AE.U15A_2012-02-02T13:34:41.010000Z.out.back
138 0.0539143 0.0441283 0.0396975 0.0297962 stre_138_AE.U15A_2012-01-30T05:10:59.460000Z.out.back
148 0.0579722 0.0418635 0.0454526 0.0471674 stre_148_AE.U15A_2012-01-23T16:04:53.300000Z.out.back
308 0.065738 0.0589866 0.0572217 0.0544942 stre_308_AE.U15A_2012-01-12T03:20:50.320000Z.out.back
142 0.0716742 0.0545304 0.0676388 0.0523276 stre_142_AE.U15A_2011-12-07T22:23:07.780000Z.out.back
