235 31 3503.66
236 31 3574.37
237 31 3685.92
238 31 3867.28
239 31 4097.22
240 31 4334.8
241 31 4654.58
242 31 4885.75
243 31 4724.7
244 31 4403.25
245 31 4022.31
246 31 3756.03
247 31 3722.63
248 31 3797.29
249 31 3903.2
250 31 4117.36
251 31 4334.79
252 31 4147.17
253 31 4363.37
254 31 5006.84
255 31 5653.81
256 31 5732.06
257 31 4189.25
258 31 2780.76
259 31 2098.15
260 31 2017.11
235 32 3380.91
236 32 3449.73
237 32 3549.57
238 32 3742.73
239 32 4066.72
240 32 4460.07
241 32 4736.8
242 32 4396.63
243 32 3753.42
244 32 4309.54
245 32 4194.27
246 32 3914.76
247 32 3905.23
248 32 4050.66
249 32 4214.73
250 32 4323.37
251 32 4345.58
252 32 4150.62
253 32 5124.08
254 32 5972.58
255 32 6035.39
256 32 4604.51
257 32 2798.55
258 32 1974.23
259 32 2011.1
260 32 2640.31
235 33 3313.44
236 33 3354.46
237 33 3423.43
238 33 3623.33
239 33 4035.89
240 33 4586.07
241 33 4969.07
242 33 4645.04
243 33 4589.22
244 33 4780.06
245 33 4326.81
246 33 4084.03
247 33 4102.22
248 33 4381.98
249 33 4617.91
250 33 4634.22
251 33 4661.78
252 33 5253.77
253 33 6291.51
254 33 5837.95
255 33 4571.43
256 33 2868.72
257 33 1712.43
258 33 1899.78
259 33 2896
260 33 3582.62
235 34 3345.17
236 34 3364.65
237 34 3410.83
238 34 3534.82
239 34 3910.84
240 34 4765.19
241 34 5161.43
242 34 5171.34
243 34 4832.62
244 34 4531.62
245 34 4668.42
246 34 4459.13
247 34 4322.3
248 34 4752.89
249 34 5023.03
250 34 4875.42
251 34 5222.46
252 34 5837.84
253 34 5371.44
254 34 4144.59
255 34 3048.87
256 34 2271.76
257 34 2001.81
258 34 2907.53
259 34 3794.34
260 34 4413.51
235 35 3508.32
236 35 3560.97
237 35 3613.51
238 35 3547.16
239 35 3489.38
240 35 5210.25
241 35 5671.02
242 35 4927.56
243 35 4796.49
244 35 5124.66
245 35 5008.48
246 35 4863.37
247 35 4494.68
248 35 4451.12
249 35 4546.23
250 35 4464.45
251 35 4693.34
252 35 4575.33
253 35 3848.22
254 35 3187.85
255 35 2639.21
256 35 2513.3
257 35 2874.04
258 35 3748.54
259 35 3993.41
260 35 4091.37
235 36 3783.64
236 36 3924.1
237 36 4081.65
238 36 4169.52
239 36 4201.27
240 36 5353.78
241 36 5111.17
242 36 4431.61
243 36 5148.27
244 36 5417.97
245 36 5079.89
246 36 4735.36
247 36 4256.56
248 36 3866.3
249 36 3953.6
250 36 4201.45
251 36 4351.95
252 36 4076.12
253 36 3544.14
254 36 3016.88
255 36 2685.35
256 36 2823.11
257 36 3481.97
258 36 3784.04
259 36 3816.08
260 36 3729.56
235 37 4067.65
236 37 4307.37
237 37 4607.04
238 37 5031.73
239 37 5453.34
240 37 5693.53
241 37 5538.17
242 37 5456.82
243 37 5341.78
244 37 5015.49
245 37 4637.54
246 37 4436.62
247 37 4162.56
248 37 3984.72
249 37 4163
250 37 4363.59
251 37 4310.26
252 37 3886.48
253 37 3297.7
254 37 2888
255 37 3073.65
256 37 3590.65
257 37 4139.62
258 37 4046.08
259 37 3890.57
260 37 3726.27
235 38 4233.49
236 38 4517.16
237 38 4852.66
238 38 5195.96
239 38 5599.02
240 38 5671.73
241 38 5372.45
242 38 5152.53
243 38 4734.75
244 38 4074.03
245 38 3931.45
246 38 4172.51
247 38 4235.08
248 38 4313.65
249 38 4496.51
250 38 4480.72
251 38 4133.12
252 38 3476.07
253 38 2866.18
254 38 2903.71
255 38 3411.57
256 38 3931.62
257 38 4231.52
258 38 4152.08
259 38 3920.04
260 38 3669.01
235 39 4226.58
236 39 4455.3
237 39 4680.66
238 39 4858.83
239 39 4938.46
240 39 4725.37
241 39 4730.85
242 39 4735.5
243 39 4414.84
244 39 3892.46
245 39 3861.2
246 39 4148.27
247 39 4272.56
248 39 4436.79
249 39 4660.85
250 39 4239.41
251 39 3466.02
252 39 2682.68
253 39 2550.05
254 39 3401.17
255 39 4175.35
256 39 4319.29
257 39 4487.52
258 39 4126.98
259 39 3802.24
260 39 3484.12
235 40 4102.03
236 40 4237.24
237 40 4350.41
238 40 4441.81
239 40 4418.01
240 40 4244.18
241 40 4386.96
242 40 4554.02
243 40 4487.03
244 40 4334.66
245 40 4336.06
246 40 4406.53
247 40 4383.02
248 40 4602.27
249 40 4674.49
250 40 3954.5
251 40 2870.93
252 40 2601.37
253 40 3115.99
254 40 4362.99
255 40 4792.76
256 40 4608.12
257 40 4192.43
258 40 3758.12
259 40 3487.46
260 40 3155.48
235 41 3974.21
236 41 4027.59
237 41 4079.94
238 41 4177.05
239 41 4258.13
240 41 4308.74
241 41 4450.16
242 41 4609.48
243 41 4689.53
244 41 4733.04
245 41 4795.82
246 41 4853.94
247 41 4876.94
248 41 4807.19
249 41 4273.03
250 41 3101.58
251 41 2473.89
252 41 2819.3
253 41 3530.34
254 41 4355.5
255 41 4365.62
256 41 4294.67
257 41 3903.22
258 41 3428.64
259 41 3074.38
260 41 2724.86
235 42 3939.51
236 42 3917.72
237 42 3925.91
238 42 4061.94
239 42 4230.2
240 42 4387.96
241 42 4558.34
242 42 4729.69
243 42 4877.86
244 42 4998.07
245 42 5087.46
246 42 5177.69
247 42 5190.97
248 42 4679.27
249 42 3490.9
250 42 2441
251 42 2581.05
252 42 3175.07
253 42 3658.84
254 42 3957.26
255 42 4008.59
256 42 3898.3
257 42 3478.77
258 42 2999.7
259 42 2655.18
260 42 2307.17
235 43 4070.52
236 43 4011.4
237 43 3988.09
238 43 4120.07
239 43 4299.9
240 43 4470.97
241 43 4637.26
242 43 4808.67
243 43 4956.5
244 43 5061.36
245 43 5052.91
246 43 5024.78
247 43 4797.43
248 43 3918.72
249 43 2914.58
250 43 3038.85
251 43 3340.51
252 43 3872.15
253 43 4164.5
254 43 4012.53
255 43 3726.46
256 43 3596.13
257 43 3240.99
258 43 2756.75
259 43 2359.54
260 43 1997.66
235 44 4399.54
236 44 4347.53
237 44 4321.5
238 44 4360.49
239 44 4457.84
240 44 4560.64
241 44 4670.14
242 44 4817.93
243 44 4883.44
244 44 4841.25
245 44 4737.04
246 44 4511.82
247 44 3940
248 44 3396.7
249 44 3476.96
250 44 3874.13
251 44 4024.41
252 44 4322
253 44 4328.99
254 44 4008.92
255 44 3689.56
256 44 3752.33
257 44 3184.86
258 44 2590.33
259 44 2159.52
260 44 1799.77
235 45 4869.84
236 45 4787.95
237 45 4710.89
238 45 4650.8
239 45 4635.74
240 45 4627.52
241 45 4608.05
242 45 4631.33
243 45 4517.62
244 45 4314.71
245 45 4267.45
246 45 3580.94
247 45 2893.29
248 45 3226.58
249 45 4179.65
250 45 4516.91
251 45 4531.32
252 45 4531.97
253 45 4182.78
254 45 3734.74
255 45 3298.19
256 45 3018.06
257 45 2723.79
258 45 2316.89
259 45 1979.24
260 45 1680.28
235 46 5388.65
236 46 5225.96
237 46 5058.61
238 46 4900.83
239 46 4775.6
240 46 4661.83
241 46 4458.12
242 46 4187.13
243 46 3761.51
244 46 3238.45
245 46 3382.99
246 46 2664.95
247 46 3040.9
248 46 3955.93
249 46 4909.34
250 46 5007.02
251 46 4783.69
252 46 4485.85
253 46 3992.32
254 46 3273.32
255 46 2714.77
256 46 2346.59
257 46 2223.18
258 46 2048.92
259 46 1844.29
260 46 1629.22
235 47 5889.73
236 47 5641.33
237 47 5368.63
238 47 5097.86
239 47 4851.99
240 47 4609.53
241 47 4278.08
242 47 3863.82
243 47 3366.16
244 47 2924.71
245 47 2989.52
246 47 2243.23
247 47 3806.92
248 47 4610.77
249 47 5063.07
250 47 5050.96
251 47 4753.64
252 47 4166.29
253 47 3602.65
254 47 2812.91
255 47 2306.37
256 47 2094.6
257 47 2028.22
258 47 1942.35
259 47 1807.88
260 47 1649.19
235 48 6337.2
236 48 5994.7
237 48 5629.94
238 48 5261.98
239 48 4907.48
240 48 4554.85
241 48 4180.87
242 48 3798.35
243 48 3474.57
244 48 3323.72
245 48 3480.55
246 48 4157.54
247 48 4784.1
248 48 4860.73
249 48 4614.1
250 48 4281.1
251 48 3905.99
252 48 3280.27
253 48 2608.21
254 48 2241.89
255 48 2070.14
256 48 2077.97
257 48 2069.94
258 48 1981.79
259 48 1861.58
260 48 1726.79
235 49 6744.91
236 49 6308.48
237 49 5864.83
238 49 5422.22
239 49 4994.35
240 49 4591.77
241 49 4231.09
242 49 3950.4
243 49 3831.56
244 49 3963.03
245 49 4313.9
246 49 4790.95
247 49 4922.52
248 49 4553.8
249 49 4014.43
250 49 3374.82
251 49 2937.81
252 49 2562.94
253 49 2201.31
254 49 2117.82
255 49 2226.95
256 49 2316.53
257 49 2211.25
258 49 2084.12
259 49 1960.59
260 49 1835
235 50 7143.41
236 50 6621.59
237 50 6101.01
238 50 5590.86
239 50 5109.61
240 50 4686.38
241 50 4363.74
242 50 4197.15
243 50 4250.1
244 50 4545.34
245 50 4960.68
246 50 5193.26
247 50 4965.43
248 50 4314.16
249 50 3496.59
250 50 2709.8
251 50 2171.27
252 50 1910.13
253 50 1843.85
254 50 1976.29
255 50 2193.77
256 50 2317.36
257 50 2286.24
258 50 2184.79
259 50 2069.67
260 50 1951.85
