198.929 70.2043 236.577
203.383 71.3221 236.183
205.026 71.0033 215.548
194.627 64.5646 236.841
198.198 69.3641 221.308
202.84 70.0079 195.388
205.387 69.6211 159.226
206.58 70.34 184.122
217.908 60.4896 221.516
217.654 61.036 202.47
217.507 60.403 221.841
218.338 61.0595 208.805
220.363 59.9534 260.032
216.3 60.3932 214.216
225.144 58.5792 346.138
215.395 60.9677 189.538
209.013 64.0997 65.7599
209.259 59.7417 217.028
210.701 64.1732 60.7167
194.656 68.2746 237.313
196.822 68.4753 214.248
198.806 68.6483 192.681
200.413 69.1049 187.289
205.217 69.1565 143.795
209.387 69.836 153.286
211.299 69.72 143.555
215.088 69.9175 159.815
216.289 69.626 157.084
235.93 69.3475 365.402
208.846 60.7683 188.392
207.916 63.4188 93.7318
212.195 64.6453 49.5492
200.411 54.831 419.244
207.685 63.8827 80.4143
208.763 59.5251 233.949
209.796 67.2269 50.1798
216.907 60.7523 205.238
218.66 60.9649 214.558
209.738 62.4058 122.204
196.917 67.6988 200.197
201.885 68.4946 154.953
203.387 68.7132 143.998
207.318 68.8799 119.542
209.319 68.9656 116.305
211.177 69.1532 122.421
213.625 69.322 132.127
219.035 69.243 170.254
221.263 69.3286 194.777
212.624 63.0753 103.956
214.225 61.1292 166.525
215.93 63.6482 111.734
198.174 67.082 178.224
202.768 67.4572 121.582
203.811 68.2575 127.983
206.028 68.4414 111.531
208.187 68.1343 87.6329
210.384 68.0584 79.0894
211.513 68.0748 80.6042
214.432 68.1207 98.714
218.405 68.1861 138.989
220.465 68.6043 159.822
222.103 68.3889 184.8
223.281 66.3701 186.591
193.671 65.4742 240.956
195.352 65.7077 215.17
198.75 66.442 166.932
202.227 66.8332 119.755
210.84 64.6544 43.8466
204.275 67.0486 96.4644
206.517 67.2221 74.6904
207.821 67.5076 70.0973
212.113 67.5187 64.1776
214.357 67.5933 83.8395
215.855 67.6946 101.911
220.128 67.6136 149.929
210.867 64.709 41.9766
224.214 67.6106 204.705
226.258 67.441 230.498
196.582 54.8564 460.733
210.917 64.5498 47.5023
213.401 60.7277 185.061
209.784 61.1426 168.74
210.782 64.5716 46.6774
210.901 64.613 45.367
211.172 64.6917 42.9392
214.766 66.5657 68.6049
195.961 64.9941 212.62
197.645 65.3936 184.814
199.349 65.5011 160.017
201.346 65.895 129.545
202.913 66.1434 107.536
206.494 66.5156 60.7965
208.493 66.9214 47.993
212.525 66.7004 43.5906
213.899 66.7653 59.9594
216.215 66.9498 91.9044
218.345 66.8088 119.295
221.978 66.9116 168.459
223.778 66.9808 193.484
225.729 66.9227 219.414
188.296 63.7758 337.877
203.121 64.7461 111.489
211.074 61.771 144.172
212.904 60.8792 177.776
215.271 60.5805 202.717
216.679 60.2805 222.342
218.244 60.7315 216.411
197.761 64.6379 190.509
200.087 64.937 154.027
201.637 65.1527 129.881
203.551 65.5276 99.4444
205.119 65.4924 77.1625
207.195 65.6571 47.1035
214.18 66.267 56.938
214.181 66.267 57.4896
218.473 66.2305 115.932
221.631 66.2191 162.332
225.657 65.8052 219.89
214.843 62.3987 138.053
213.052 64.4091 63.7816
213.497 60.396 197.379
215.738 60.3351 213.545
199.305 63.8864 178.195
205.522 64.7962 80.7141
208.018 65.18 41.3061
216.846 65.3064 92.3203
218.385 65.6035 112.853
220.064 65.4483 137.916
223.623 65.2225 189.621
217.659 60.6024 215.899
196.446 62.7492 237.551
199.398 63.2842 186.948
200.922 63.3965 165.127
203.285 63.465 133.295
204.379 63.994 109.203
205.853 64.1767 88.6041
214.63 64.613 73.9249
216.201 64.5654 94.8333
216.436 64.5012 98.7474
223.67 64.5753 194.519
195.344 61.9331 268.143
198.469 62.2938 219.856
201.699 62.7161 168.932
205.93 63.3569 109.969
214.222 63.8036 91.3831
217.924 64.0292 126.775
222.48 63.8433 188.701
215.581 59.9268 234.402
217.639 60.9231 205.557
211.542 61.4131 156.574
197.4 66.8951 189.341
209.077 63.5527 83.1727
217.277 60.2474 225.725
197.317 61.3416 255.986
198.513 61.678 231.39
200.525 61.7105 207.609
201.703 62.1344 183.356
203.311 62.2195 166.987
205.146 62.1816 152.314
206.12 62.4787 135.499
216.652 63.0254 136.108
218.173 63.0618 149.737
221.871 63.109 192.518
218.995 60.824 221.761
193.799 60.3849 322.662
196.65 60.4135 284.944
198.04 60.7515 260.956
199.312 60.6947 247.039
201.041 61.0224 221.95
202.562 61.4009 198.453
204.176 61.4907 180.782
205.609 61.9037 156.835
206.868 61.8823 149.484
209.88 61.7531 146.014
212.274 61.7929 144.856
217.004 62.4013 157.027
218.122 62.3579 168.474
221.538 62.4435 203.733
223.206 62.5763 219.297
225.609 62.2024 257.693
216.976 61.3836 186.484
211.063 63.7318 76.86
218.049 60.1785 234.207
209.518 60.7351 186.536
198.315 59.9237 278.301
199.908 60.1686 248.234
201.231 60.4742 237.755
202.813 60.5269 220.837
204.11 60.6801 205.719
205.516 60.8132 191.768
207.791 61.2001 168.293
215.402 61.6061 168.191
222.911 61.4593 243.45
224.22 61.4862 257.688
226.918 61.1512 297.213
210.931 64.5928 46.0408
216.031 60.2361 219.11
191.145 52.9721 576.99
198.736 59.2533 295.214
200.175 59.1767 284.441
201.907 59.5938 256.825
202.905 59.7733 243.129
204.792 59.8542 226.646
205.68 60.1952 211.058
207.376 60.0815 207.494
210.276 60.4814 187.893
219.809 60.7718 230.994
221.424 60.3024 258.855
223.909 60.7704 271.45
202.009 59.0314 272.636
203.561 59.1953 255.395
204.771 59.3922 241.869
206.768 59.6524 223.83
212.597 59.9979 207.329
222.262 59.6304 285.719
223.04 60.1218 278.288
226.285 59.5898 328.158
227.183 60.2114 322.184
214.53 62.9699 119.231
219.747 60.0959 250.123
220.599 59.667 270.444
212.566 65.1171 40.3466
214.475 65.5174 58.0031
207.811 62.8962 111.279
217.533 61.1871 197.427
211.667 60.8584 176.439
203.344 58.6774 272.59
204.113 58.2637 280.902
204.991 58.6484 263.11
206.355 58.9287 250.581
207.606 58.6097 274.503
213.66 59.4296 240.51
227.731 58.9601 361.612
202.426 57.5673 316.543
203.613 57.6397 304.656
205.548 57.5665 300.905
224.26 58.4133 339.205
225.482 58.2747 355.534
229.033 59.3946 363.505
210.261 61.0889 167.839
197.092 68.0541 202.673
215.154 63.7399 101.871
218.652 60.2994 233.46
211.14 63.4056 88.1658
200.447 56.2848 383.758
223.768 57.9616 346.737
225.424 57.4688 375.948
228.869 57.9128 402.653
219.217 60.1294 245.032
211.668 61.807 143.268
212.671 61.832 144.883
216.01 63.9761 103.658
208.468 61.98 139.71
209.777 60.5117 188.821
189.752 57.1766 457.269
209.253 61.4636 157.91
210.547 60.1043 200.406
227.048 56.8144 411.906
229.75 56.9811 437.955
218.856 60.4399 230.643
212.138 64.8735 42.5203
217.171 60.7541 207.235
192.073 65.5598 262.464
210.428 68.6408 100.987
209.711 63.4501 85.5675
226.879 56.1146 428.723
228.385 55.3279 468.511
216.546 61.2275 188.732
211.449 62.8295 108.628
211.415 62.9628 103.936
211.462 62.6812 113.434
212.058 62.8349 109.578
211.152 62.8331 108.31
217.147 60.448 217.007
211.908 64.4716 53.1995
218.249 60.3583 228.314
210.457 65.8251 0
