198.929000 70.204300 236.577040
203.383000 71.322100 236.183485
205.026000 71.003300 215.547665
194.627000 64.564600 236.841260
198.198000 69.364100 221.308477
202.840000 70.007900 195.387841
205.387000 69.621100 159.226283
206.580000 70.340000 184.121704
217.908000 60.489600 221.516049
217.654000 61.036000 202.470116
217.507000 60.403000 221.841298
218.338000 61.059500 208.805457
220.363000 59.953400 260.032126
216.300000 60.393200 214.215716
225.144000 58.579200 346.138449
215.395000 60.967700 189.538290
209.013000 64.099700 65.759882
209.259000 59.741700 217.028080
210.701000 64.173200 60.716683
194.656000 68.274600 237.312760
196.822000 68.475300 214.247673
198.806000 68.648300 192.680554
200.413000 69.104900 187.288987
205.217000 69.156500 143.795093
209.387000 69.836000 153.286010
211.299000 69.720000 143.554645
215.088000 69.917500 159.814638
216.289000 69.626000 157.084334
235.930000 69.347500 365.402012
208.846000 60.768300 188.391622
207.916000 63.418800 93.731758
212.195000 64.645300 49.549244
200.411000 54.831000 419.244405
207.685000 63.882700 80.414299
208.763000 59.525100 233.949192
209.796000 67.226900 50.179828
216.907000 60.752300 205.238094
218.660000 60.964900 214.557653
209.738000 62.405800 122.203528
196.917000 67.698800 200.196580
201.885000 68.494600 154.953384
203.387000 68.713200 143.998102
207.318000 68.879900 119.542424
209.319000 68.965600 116.305481
211.177000 69.153200 122.421376
213.625000 69.322000 132.126901
219.035000 69.243000 170.254317
221.263000 69.328600 194.777372
212.624000 63.075300 103.955513
214.225000 61.129200 166.525171
215.930000 63.648200 111.733948
198.174000 67.082000 178.223828
202.768000 67.457200 121.581624
203.811000 68.257500 127.983425
206.028000 68.441400 111.531324
208.187000 68.134300 87.632851
210.384000 68.058400 79.089402
211.513000 68.074800 80.604216
214.432000 68.120700 98.713958
218.405000 68.186100 138.989114
220.465000 68.604300 159.821907
222.103000 68.388900 184.800107
223.281000 66.370100 186.590537
193.671000 65.474200 240.956053
195.352000 65.707700 215.169766
198.750000 66.442000 166.932124
202.227000 66.833200 119.754809
210.840000 64.654400 43.846571
204.275000 67.048600 96.464357
206.517000 67.222100 74.690406
207.821000 67.507600 70.097320
212.113000 67.518700 64.177619
214.357000 67.593300 83.839465
215.855000 67.694600 101.910619
220.128000 67.613600 149.929240
210.867000 64.709000 41.976576
224.214000 67.610600 204.704560
226.258000 67.441000 230.498494
196.582000 54.856400 460.732984
210.917000 64.549800 47.502263
213.401000 60.727700 185.061027
209.784000 61.142600 168.739515
210.782000 64.571600 46.677358
210.901000 64.613000 45.366982
211.172000 64.691700 42.939175
214.766000 66.565700 68.604939
195.961000 64.994100 212.620008
197.645000 65.393600 184.814173
199.349000 65.501100 160.017077
201.346000 65.895000 129.544994
202.913000 66.143400 107.535615
206.494000 66.515600 60.796525
208.493000 66.921400 47.992986
212.525000 66.700400 43.590639
213.899000 66.765300 59.959395
216.215000 66.949800 91.904430
218.345000 66.808800 119.294501
221.978000 66.911600 168.458747
223.778000 66.980800 193.483707
225.729000 66.922700 219.414309
188.296000 63.775800 337.876524
203.121000 64.746100 111.489320
211.074000 61.771000 144.171945
212.904000 60.879200 177.775504
215.271000 60.580500 202.716860
216.679000 60.280500 222.341720
218.244000 60.731500 216.411330
197.761000 64.637900 190.509165
200.087000 64.937000 154.026553
201.637000 65.152700 129.880772
203.551000 65.527600 99.444360
205.119000 65.492400 77.162489
207.195000 65.657100 47.103523
214.180000 66.267000 56.937952
214.181000 66.267000 57.489643
218.473000 66.230500 115.932291
221.631000 66.219100 162.331605
225.657000 65.805200 219.889592
214.843000 62.398700 138.052893
213.052000 64.409100 63.781562
213.497000 60.396000 197.378574
215.738000 60.335100 213.544965
199.305000 63.886400 178.194547
205.522000 64.796200 80.714106
208.018000 65.180000 41.306065
216.846000 65.306400 92.320289
218.385000 65.603500 112.852761
220.064000 65.448300 137.916328
223.623000 65.222500 189.620913
217.659000 60.602400 215.899166
196.446000 62.749200 237.550964
199.398000 63.284200 186.948369
200.922000 63.396500 165.126521
203.285000 63.465000 133.294639
204.379000 63.994000 109.203463
205.853000 64.176700 88.604144
214.630000 64.613000 73.924930
216.201000 64.565400 94.833290
216.436000 64.501200 98.747408
223.670000 64.575300 194.518860
195.344000 61.933100 268.142947
198.469000 62.293800 219.855956
201.699000 62.716100 168.932459
205.930000 63.356900 109.969002
214.222000 63.803600 91.383145
217.924000 64.029200 126.775251
222.480000 63.843300 188.701431
215.581000 59.926800 234.402250
217.639000 60.923100 205.556587
211.542000 61.413100 156.573546
197.400000 66.895100 189.340780
209.077000 63.552700 83.172709
217.277000 60.247400 225.725483
197.317000 61.341600 255.985914
198.513000 61.678000 231.389933
200.525000 61.710500 207.608975
201.703000 62.134400 183.355743
203.311000 62.219500 166.987195
205.146000 62.181600 152.313874
206.120000 62.478700 135.498910
216.652000 63.025400 136.108360
218.173000 63.061800 149.737230
221.871000 63.109000 192.517580
218.995000 60.824000 221.760587
193.799000 60.384900 322.662463
196.650000 60.413500 284.943964
198.040000 60.751500 260.956358
199.312000 60.694700 247.038611
201.041000 61.022400 221.950352
202.562000 61.400900 198.452886
204.176000 61.490700 180.781634
205.609000 61.903700 156.834916
206.868000 61.882300 149.483631
209.880000 61.753100 146.013920
212.274000 61.792900 144.856318
217.004000 62.401300 157.026760
218.122000 62.357900 168.473542
221.538000 62.443500 203.733459
223.206000 62.576300 219.297385
225.609000 62.202400 257.692626
216.976000 61.383600 186.483978
211.063000 63.731800 76.860044
218.049000 60.178500 234.206970
209.518000 60.735100 186.536149
198.315000 59.923700 278.300915
199.908000 60.168600 248.234448
201.231000 60.474200 237.754797
202.813000 60.526900 220.836680
204.110000 60.680100 205.718770
205.516000 60.813200 191.767658
207.791000 61.200100 168.292675
215.402000 61.606100 168.191200
222.911000 61.459300 243.449506
224.220000 61.486200 257.687668
226.918000 61.151200 297.212722
210.931000 64.592800 46.040836
216.031000 60.236100 219.109724
191.145000 52.972100 576.989603
198.736000 59.253300 295.213586
200.175000 59.176700 284.440590
201.907000 59.593800 256.825036
202.905000 59.773300 243.128791
204.792000 59.854200 226.645693
205.680000 60.195200 211.057935
207.376000 60.081500 207.493693
210.276000 60.481400 187.893087
219.809000 60.771800 230.994433
221.424000 60.302400 258.855448
223.909000 60.770400 271.449645
202.009000 59.031400 272.635577
203.561000 59.195300 255.395297
204.771000 59.392200 241.869316
206.768000 59.652400 223.830181
212.597000 59.997900 207.329353
222.262000 59.630400 285.718661
223.040000 60.121800 278.287987
226.285000 59.589800 328.157926
227.183000 60.211400 322.184057
214.530000 62.969900 119.230781
219.747000 60.095900 250.123477
220.599000 59.667000 270.444086
212.566000 65.117100 40.346596
214.475000 65.517400 58.003117
207.811000 62.896200 111.278885
217.533000 61.187100 197.427075
211.667000 60.858400 176.438925
203.344000 58.677400 272.589620
204.113000 58.263700 280.901943
204.991000 58.648400 263.110426
206.355000 58.928700 250.580734
207.606000 58.609700 274.502621
213.660000 59.429600 240.509972
227.731000 58.960100 361.611795
202.426000 57.567300 316.543296
203.613000 57.639700 304.656217
205.548000 57.566500 300.905307
224.260000 58.413300 339.204899
225.482000 58.274700 355.534316
229.033000 59.394600 363.505359
210.261000 61.088900 167.839252
197.092000 68.054100 202.672818
215.154000 63.739900 101.871475
218.652000 60.299400 233.459559
211.140000 63.405600 88.165798
200.447000 56.284800 383.757849
223.768000 57.961600 346.737288
225.424000 57.468800 375.947584
228.869000 57.912800 402.653388
219.217000 60.129400 245.032445
211.668000 61.807000 143.268017
212.671000 61.832000 144.883214
216.010000 63.976100 103.657897
208.468000 61.980000 139.710384
209.777000 60.511700 188.820704
189.752000 57.176600 457.269358
209.253000 61.463600 157.910246
210.547000 60.104300 200.405738
227.048000 56.814400 411.906168
229.750000 56.981100 437.955143
218.856000 60.439900 230.642686
212.138000 64.873500 42.520317
217.171000 60.754100 207.235272
192.073000 65.559800 262.464163
210.428000 68.640800 100.986635
209.711000 63.450100 85.567509
226.879000 56.114600 428.723237
228.385000 55.327900 468.511162
216.546000 61.227500 188.732479
211.449000 62.829500 108.627701
211.415000 62.962800 103.936069
211.462000 62.681200 113.434185
212.058000 62.834900 109.578338
211.152000 62.833100 108.309910
217.147000 60.448000 217.007411
211.908000 64.471600 53.199544
218.249000 60.358300 228.313836
210.457000 65.825100 0
